Using KNN
For k = 3

*********CONFUSION_MATRIX**********

[[4 0 0 0 0 0 0 0 0 0 0 0 0 0]
 [0 2 0 0 0 0 1 0 0 0 0 0 0 0]
 [0 1 3 0 0 0 0 0 0 0 0 0 0 0]
 [0 0 1 2 1 0 0 0 0 0 0 0 0 0]
 [1 0 0 0 2 0 0 0 0 0 0 0 0 0]
 [0 1 0 0 0 2 0 0 0 1 0 0 0 0]
 [0 1 0 0 0 0 2 0 0 0 0 0 0 0]
 [1 0 0 0 1 0 0 0 0 1 0 0 0 0]
 [1 1 0 0 0 0 0 0 0 2 0 0 0 0]
 [0 0 1 0 0 0 0 0 0 3 0 0 0 0]
 [0 0 0 1 0 0 0 0 0 0 0 0 0 0]
 [0 0 0 0 0 0 0 1 0 1 0 0 0 0]
 [0 0 0 0 1 0 1 0 0 1 0 0 1 0]
 [0 0 0 0 0 0 0 0 0 0 0 0 0 4]]
Accuracy : 0.53
Recall : 0.48
f1 Score : 0.43

***********REPORT*************
              precision    recall  f1-score   support

    17BCS001       0.57      1.00      0.73         4
    17BCS003       0.33      0.67      0.44         3
    17BCS005       0.60      0.75      0.67         4
    17BCS007       0.67      0.50      0.57         4
    17BCS009       0.40      0.67      0.50         3
    17BCS011       1.00      0.50      0.67         4
    17BCS013       0.50      0.67      0.57         3
    17BCS017       0.00      0.00      0.00         3
    17BCS019       1.00      0.00      0.00         4
    17BCS023       0.33      0.75      0.46         4
    17BCS029       1.00      0.00      0.00         1
    17BCS031       1.00      0.00      0.00         2
    17BCS033       1.00      0.25      0.40         4
    17BCS037       1.00      1.00      1.00         4

    accuracy                           0.53        47
   macro avg       0.67      0.48      0.43        47
weighted avg       0.67      0.53      0.48        47



Using KNN + PCA
For k = 3

*********CONFUSION_MATRIX**********

[[4 0 0 0 0 0 0 0 0 0 0 0 0 0]
 [1 2 0 0 0 0 0 0 0 0 0 0 0 0]
 [0 0 3 0 0 0 0 0 0 0 0 0 1 0]
 [0 0 0 4 0 0 0 0 0 0 0 0 0 0]
 [0 0 1 0 2 0 0 0 0 0 0 0 0 0]
 [0 0 1 0 0 3 0 0 0 0 0 0 0 0]
 [0 1 1 1 0 0 0 0 0 0 0 0 0 0]
 [0 0 0 0 1 0 0 2 0 0 0 0 0 0]
 [1 0 1 0 0 1 0 0 1 0 0 0 0 0]
 [0 1 1 0 0 0 0 0 0 2 0 0 0 0]
 [1 0 0 0 0 0 0 0 0 0 0 0 0 0]
 [0 0 0 0 0 0 0 1 0 1 0 0 0 0]
 [1 0 0 0 0 0 0 0 0 0 0 0 3 0]
 [1 0 0 0 0 0 0 0 0 0 0 0 0 3]]
Accuracy : 0.62
Recall : 0.55
f1 Score : 0.52

***********REPORT*************
              precision    recall  f1-score   support

    17BCS001       0.44      1.00      0.62         4
    17BCS003       0.50      0.67      0.57         3
    17BCS005       0.38      0.75      0.50         4
    17BCS007       0.80      1.00      0.89         4
    17BCS009       0.67      0.67      0.67         3
    17BCS011       0.75      0.75      0.75         4
    17BCS013       1.00      0.00      0.00         3
    17BCS017       0.67      0.67      0.67         3
    17BCS019       1.00      0.25      0.40         4
    17BCS023       0.67      0.50      0.57         4
    17BCS029       1.00      0.00      0.00         1
    17BCS031       1.00      0.00      0.00         2
    17BCS033       0.75      0.75      0.75         4
    17BCS037       1.00      0.75      0.86         4

    accuracy                           0.62        47
   macro avg       0.76      0.55      0.52        47
weighted avg       0.74      0.62      0.58        47

